DỮ LIỆU THỬ NGHIỆM MẪU (SAMPLE DATA)
Do giới hạn dung lượng, file này chỉ hiển thị 50 phần tử đầu tiên của mỗi dãy.

Dãy: 1 (Nguyên, Tăng dần)
[-1000000, -999997, -999997, -999996, -999991, -999991, -999990, -999986, -999984, -999981, -999980, -999980, -999978, -999976, -999976, -999973, -999973, -999970, -999966, -999965, -999965, -999963, -999962, -999961, -999960, -999959, -999955, -999955, -999954, -999952, -999950, -999949, -999943, -999941, -999941, -999939, -999938, -999934, -999931, -999928, -999926, -999925, -999918, -999915, -999913, -999911, -999911, -999910, -999910, -999910]... 

Dãy: 2 (Nguyên, Giảm dần)
[999999, 999998, 999997, 999996, 999996, 999996, 999995, 999994, 999990, 999988, 999985, 999985, 999983, 999980, 999980, 999979, 999979, 999977, 999971, 999965, 999965, 999963, 999962, 999961, 999961, 999960, 999959, 999957, 999957, 999949, 999947, 999947, 999946, 999943, 999943, 999941, 999938, 999935, 999934, 999931, 999931, 999928, 999927, 999923, 999914, 999903, 999900, 999900, 999893, 999891]... 

Dãy: 3 (Nguyên, Ngẫu nhiên)
[-182916, 70052, 797243, 838943, -261658, -357821, -941066, -663627, -719995, -382252, 927723, 35689, -717282, 151215, 321046, -814471, 79403, 340127, 612495, 252102, 346296, 648611, -427359, -510197, 448732, -62861, -723262, -694656, 768950, 755654, 351174, 186886, 478977, 950463, -197226, -345663, 474043, 16660, 166592, -340830, 447112, -790805, 714243, -792908, -956682, 908170, 954757, 255477, -229221, 573107]...

Dãy: 4 (Nguyên, Ngẫu nhiên)
[-902376, 880573, 322279, 847210, 244873, 871949, -375615, -331495, -316707, -857702, -559094, -495458, -179205, -666067, 867657, -768902, 156078, 327389, 387749, 303396, 129216, -664393, 541399, -898475, 574050, 613718, -103725, -352762, 707988, 678487, 75268, 800492, -953356, 916390, 956648, 77343, -827281, -651938, 108034, -524141, -686894, -182272, -390151, 607986, -16720, -246446, 28732, -145188, 595374, -111694]...

Dãy: 5 (Nguyên, Ngẫu nhiên)
[796009, -3392, 303761, -560853, 980787, -842750, 617523, -686807, 633714, -679761, -582653, -94977, -528194, -121363, -525649, 792000, -377266, 413067, -502423, 110392, -925160, -954896, 114881, 783953, 122981, -160116, -808926, -47656, 555965, -725776, 780865, 99900, -381934, 829775, 204526, 408220, -997265, 515539, -136676, -77170, 944089, 580734, -857222, 703086, -736653, 802516, 28660, -189677, 294350, 506249]... 

Dãy: 6 (Thực, Ngẫu nhiên)
[688408.8279733381, -987976.4276154501, -917924.9723070912, 685935.309458548, 832094.6495650143, -465217.21568065137, -429854.2352248711, 534614.6861841637, -36966.72043330816, -415544.1923221885, -656043.5659540993, 111456.37353325472, 856259.7310809058, 959025.1046754275, 139295.4327464134, 426568.63772195973, 516490.93898742925, -427748.6228057274, 877434.7536112673, 120107.70534109254, 717756.6116224893, -274455.13436790823, 298500.1182921643, -809527.8696746668, 977894.5543685388, 497875.2286057598, -924513.538321871, 465961.16498540225, 13192.108238348621, 599829.8731902377, 288458.71099255234, 299338.31237729243, 468130.1897889166, 356009.83510115324, 723080.450563567, -327119.44219335413, -870027.0015382401, 979904.5285177832, -721165.9926033964, 60544.15911816782, 932615.3785412025, 158200.67156296456, 516827.51998937107, 447079.6925515975, 506069.71782746096, 225775.1565157182, -206373.17354579503, -971066.1566783134, 868100.0430087855, 234396.7286243483]... 

Dãy: 7 (Thực, Ngẫu nhiên)
[504719.802713325, -3460.926289615687, 767936.4863469163, 929242.799490327, -92172.52528454573, 148338.4196348884, -302165.7387853336, 983276.5315284515, -235245.28859272273, -714788.9541900028, 2629.9080784668913, -87180.78158830525, -112742.14841826737, 217950.14642604534, 672206.6051555942, 62683.584333809325, 763720.7256781214, 160249.27365887887, -298786.41870429297, 468847.3985791709, 631231.6300081823, -321538.9178815675, 550618.0044113286, 309179.49139858247, -852418.165097228, 91616.46177193709, -79540.034483667, -482138.8275125338, 556840.2651785102, 322199.6296400565, -809188.5426218228, 669440.3838177319, 408187.58044421906, 570813.6168215871, -653345.7115191297, 536109.5462667434, 117021.69954637298, 663701.9619394117, 878674.454396076, 730801.587103497, -431168.6334971328, -187115.0242472079, -453861.4145634079, -297064.7725368844, -685635.9068135662, -267918.3584761948, 24260.231275252183, -988209.2516284655, 682029.3808657476, -146932.66366677138]... 

Dãy: 8 (Thực, Ngẫu nhiên)
[-976407.603348343, 9682.750483472017, -160765.6863719708, -963060.536243642, -183870.58218973153, 493646.7537212097, -559758.2706822807, 241491.32520207693, 127543.81003109389, 618966.5557321357, 735956.8905980797, 430672.1345991094, 873548.743210152, -442371.8527850857, -450910.5354541063, -529932.3250013825, -413867.77063012216, 660447.7100100715, 832846.0333086886, -285489.70952303335, 996059.4158596313, 760967.381873267, 272936.1692140731, 885610.9652424778, 980627.7767568191, 711095.3104676171, -254839.27307204762, 414918.6629715366, -794274.8428327808, 377365.8378559351, 525960.1072327017, 798265.0624453779, 590155.3364989345, 519044.6760444504, 784145.7054308408, 506787.0069629671, -367776.2422696267, -733406.4829694785, -577124.0952459164, 835295.4395043119, 628118.3241510924, 203774.14778293855, -483286.2633648689, -796779.5114337377, -440341.0412568238, -805523.8070314425, -356317.49437480466, -388350.32675902115, 561099.2366693662, -895832.7333830501]... 

Dãy: 9 (Thực, Ngẫu nhiên)
[979377.1925316104, 902460.0573056417, 530745.9364077069, 183103.35658250004, -983745.7580499478, 228397.4913999359, 782535.2520719564, 941539.8973894126, 14349.18466204044, 263041.96353288135, -399536.3136684884, 85496.72396963066, -918054.7367077341, -902733.9639921805, 617360.2562166534, -967968.2264173526, 704911.0398364649, 1861.8655847819755, 646163.3293562583, -275160.8563927674, -898510.177076399, -384598.5652667099, -528594.0590997364, 360900.6565388697, -241226.88134315528, -814728.2563221235, -570044.6769379226, 97400.19172646268, 756736.5712560865, 874239.387780875, 327955.6744724079, 509640.616548833, 7011.279235766153, -360589.4049224643, -571850.5908941636, -100226.4844705523, 546614.1064212292, -464682.5179281455, -358972.9406146365, -781367.3470738818, -839350.8306422064, 2193.861214357661, -952957.1948537447, -20821.766759448103, 541229.6501318968, 583312.4430079092, 486149.60623699543, 77624.59761218843, -592185.0049816545, 299010.0431330609]...

Dãy: 10 (Thực, Ngẫu nhiên)
[-731521.3716811971, 118914.18013511132, 496402.1041964267, -246803.07450755825, 621912.9913203493, -142027.15965448797, -22578.4398061526, -820831.6452350692, 814027.5199521319, 615332.6029082024, 5479.860030593001, 237866.07720188284, 140148.8339452434, -421648.9553425944, 614762.9638517192, 611189.4507899627, 709196.5874914627, -516036.6551329487, -800662.9105683003, -902612.9580134162, -356676.0896287417, 608311.7092835058, -441136.7477876453, -809964.2328232783, -907037.4749272439, -44981.92608817981, -104166.25003214472, -292596.1338073502, -51348.942869825056, 865697.0899099254, -413920.7224165142, -187976.8885841102, 65244.735102188075, -786085.8776244886, 894660.1775566938, 174061.5257289682, -998336.3751105543, -781149.0752360431, 620235.0067530309, -964774.9763899967, -608856.6132560616, -312794.89229414065, 284098.3910374043, -604373.5511482657, 479120.3784941279, -451917.58461977716, -951377.4971601432, 384621.4635363873, -30617.209719178383, -156945.1311208969]... 

